2018-05-27
Darren Till vs Stephen Thompson
-105
-115
-103
-109
-110
-110
-108
-112
-140
+105
-115
-115
-101
-119
-108
-112
-108
-112
2018-05-27
Mads Burnell vs Arnold Allen
+185
-225
+205
-235
+225
-275
+200
-240
+220
-300
+195
-250
+185
-215
+200
-240
+200
-240
2018-05-27
Makwan Amirkhani vs Jason Knight
+140
-160
+140
-158
+138
-163
+135
-165
+135
-175
+135
-165
+140
-160
+135
-165
+135
-165
2018-05-27
Nordine Taleb vs Claudio Henrique da Silva
-360
+300
-340
+290
-350
+275
-350
+275
-435
+300
-360
+270
-350
+285
-350
+275
-350
+275
2018-05-27
Trevor Smith vs Elias Theodorou
+335
-420
+310
-366
+300
-400
+303
-419
2018-05-26
+320
-465
+300
-400
+330
-400
+303
-419
+303
-419
2018-05-27
Lina Lansberg vs Gina Mazany
+115
-135
+115
-129
+110
-138
+105
-135
+110
-140
+110
-140
+117
-137
+105
-135
+105
-135
2018-05-27
Molly McCann vs Gillian Robertson
-160
+140
-170
+150
-175
+150
-161
+131
-195
+155
-175
+145
-160
+140
-161
+131
-161
+131
2018-05-27
Darren Stewart vs Eric Spicely
+145
-165
+145
-164
+140
-170
+140
-170
+130
-170
+140
-170
+145
-170
+140
-170
+140
-170
2018-05-27
Craig White vs Neil Magny
+475
-650
+425
-539
+400
-550
+445
-600
+400
-610
+375
-550
+425
-540
+445
-600
+445
-600
2018-05-27
Tom Breese vs Daniel Kelly
2018-06-01
Marlon Moraes vs Jimmie Rivera
+105
-125
+100
-112
+100
-125
-110
-120
+100
-120
2018-07-07
Daniel Cormier vs Stipe Miocic
+177
-192
+180
-205
+163
-188
+165
-215
+135
-170
+170
-210
+170
-200
+165
-215
+165
-215
